Iteration	CPUTime	PhysTime	Travels	Value	AvValue	MinValue	MaxValue	Delta	Criteria	Progress	CriteriaType	CriteriaVarType	CriteriaPercentage
1	3	0	0.0148178167	-36.2691118	-36.2691118	-36.2691118	-36.2691118	0	0	0	0	0	0	3
2	4	0	0.0296356335	-31.4632034	-33.8661576	-36.2691118	-31.4632034	2.4029542	0	0	0	0	0	3
3	4	0	0.0444534502	-28.6048677	-32.1123943	-36.2691118	-28.6048677	4.15671751	0	0	0	0	0	3
4	4	0	0.0592712669	-25.9349265	-30.5680274	-36.2691118	-25.9349265	5.70108446	0	0	0	0	0	3
5	5	0	0.0740890836	-22.7765104	-29.009724	-36.2691118	-22.7765104	7.25938786	0	0	0	0	0	3
6	5	0	0.0889069004	-19.1564347	-27.3675091	-36.2691118	-19.1564347	8.90160274	0	0	0	0	0	3
7	5	0	0.103724717	-15.2898644	-25.6421313	-36.2691118	-15.2898644	10.6269805	0	0	0	0	0	3
8	6	0	0.118542534	-11.2893652	-23.8480355	-36.2691118	-11.2893652	12.4210763	0	0	0	0	0	3
9	6	0	0.133360351	-7.03458583	-21.9798744	-36.2691118	-7.03458583	14.2892374	0	0	0	0	0	3
10	7	0	0.148178167	-4.44810436	-20.2266974	-36.2691118	-4.44810436	16.0424144	0	0	0	0	0	3
11	7	0	0.162995984	-0.196398334	-18.4057611	-36.2691118	-0.196398334	17.8633507	0	0	0	0	0	3
12	7	0	0.177813801	-0.000781505882	-16.8720128	-36.2691118	-0.000781505882	19.397099	0	0	0	0	0	3
13	8	0	0.192631617	-2.15314875e-05	-15.5741674	-36.2691118	-2.15314875e-05	20.6949445	0	0	0	0	0	3
14	8	0	0.207449434	-1.06375019e-05	-14.4617276	-36.2691118	-1.06375019e-05	21.8073842	0	0	0	0	0	3
15	8	0	0.222267251	-7.35256591e-06	-13.4976129	-36.2691118	-7.35256591e-06	22.7714989	0	0	0	0	0	3
16	9	0	0.237085068	-0.000318211245	-12.654032	-36.2691118	-7.35256591e-06	23.6150798	0	0	0	0	0	3
17	9	0	0.251902884	-0.00150492827	-11.9097657	-36.2691118	-7.35256591e-06	24.3593461	0	0	0	0	0	3
18	9	0	0.266720701	-0.00139591572	-11.2481896	-36.2691118	-7.35256591e-06	25.0209222	0	0	0	0	0	3
19	10	0	0.281538518	-0.00132975172	-10.6562496	-36.2691118	-7.35256591e-06	25.6128622	0	0	0	0	0	3
20	10	0	0.296356335	-0.00115444668	-10.1234948	-36.2691118	-7.35256591e-06	26.145617	0	0	0	0	0	3
21	10	0	0.311174151	-0.00150560995	-9.64149536	-36.2691118	-7.35256591e-06	26.6276165	0	0	0	0	0	3
22	11	0	0.325991968	-0.000829853658	-9.20328329	-36.2691118	-7.35256591e-06	27.0658285	0	0	0	0	0	3
23	11	0	0.340809785	-0.000682640501	-8.80317022	-36.2691118	-7.35256591e-06	27.4659416	0	0	0	0	0	3
24	11	0	0.355627602	-0.000640281593	-8.43639814	-36.2691118	-7.35256591e-06	27.8327137	0	0	0	0	0	3
25	12	0	0.370445418	-0.000626660256	-8.09896728	-36.2691118	-7.35256591e-06	28.1701445	0	0	0	0	0	3
26	12	0	0.385263235	-0.000110886492	-7.7874728	-36.2691118	-7.35256591e-06	28.481639	0	0	0	0	0	3
27	13	0	0.400081052	-0.000636281427	-7.49907145	-36.2691118	-7.35256591e-06	28.7700404	0	0	0	0	0	3
28	13	0	0.414898868	-6.75125496e-05	-7.23124988	-36.2691118	-7.35256591e-06	29.0378619	0	0	0	0	0	3
29	13	0	0.429716685	-0.000482751193	-6.98191308	-36.2691118	-7.35256591e-06	29.2871987	0	0	0	0	0	3
30	14	0	0.444534502	-7.24415955e-06	-6.74918289	-36.2691118	-7.24415955e-06	29.5199289	0	0	0	0	0	3
31	14	0	0.459352319	-0.000581232903	-6.53148606	-36.2691118	-7.24415955e-06	29.7376258	0	0	0	0	0	3
32	14	0	0.474170135	-6.15945486e-05	-6.32737905	-36.2691118	-7.24415955e-06	29.9417328	0	0	0	0	0	3
33	15	0	0.488987952	-8.10123039e-06	-6.13564053	-36.2691118	-7.24415955e-06	30.1334713	0	0	0	0	0	3
34	15	0	0.503805769	-8.20202965e-06	-5.95518076	-36.2691118	-7.24415955e-06	30.3139311	0	0	0	0	0	3
35	15	0	0.518623586	-6.80166086e-06	-4.88844238	-31.4632034	-6.80166086e-06	28.9777152	0	0	0	0	0	3
36	16	0	0.533441402	-0.000259069013	-3.96306166	-28.6048677	-6.80166086e-06	28.1493326	0	0	0	0	0	3
37	16	0	0.548259219	-7.38902779e-07	-3.12174204	-25.9349265	-7.38902779e-07	25.9349258	0	0	0	0	0	3
38	16	0	0.563077036	-3.57230656e-06	-2.35895019	-22.7765104	-7.38902779e-07	22.7765096	0	0	0	0	0	3
39	17	0	0.577894852	-1.87666831e-05	-1.68905338	-19.1564347	-7.38902779e-07	19.1564339	0	0	0	0	0	3
40	17	0	0.592712669	-1.58394862e-05	-1.1256293	-15.2898644	-7.38902779e-07	15.2898637	0	0	0	0	0	3
41	17	0	0.607530486	-1.6134193e-05	-0.675927877	-11.2893652	-7.38902779e-07	11.2893645	0	0	0	0	0	3
42	18	0	0.622348303	-2.09839758e-06	-0.343887785	-7.03458583	-7.38902779e-07	7.03458509	0	0	0	0	0	3
43	18	0	0.637166119	-3.35833584e-07	-0.136988211	-4.44810436	-3.35833584e-07	4.44810403	0	0	0	0	0	3
44	18	0	0.651983936	-1.91442062e-07	-0.0061616181	-0.196398334	-1.91442062e-07	0.196398142	0	0	0	0	0	3
45	19	0	0.666801753	-8.04691465e-09	-0.000385196751	-0.00150560995	-8.04691465e-09	0.0015056019	0	0	0	0	0	3
46	19	0	0.68161957	-2.32846007e-07	-0.000362218132	-0.00150560995	-8.04691465e-09	0.0015056019	0	0	0	0	0	3
47	20	0	0.696437386	-1.98351173e-07	-0.000361590687	-0.00150560995	-8.04691465e-09	0.0015056019	0	0	0	0	0	3
48	20	0	0.711255203	-1.50519874e-07	-0.000361282246	-0.00150560995	-8.04691465e-09	0.0015056019	0	0	0	0	0	3
49	20	0	0.72607302	-9.20404426e-09	-0.000361066265	-0.00150560995	-8.04691465e-09	0.0015056019	0	0	0	0	0	3
50	21	0	0.740890836	-5.78901866e-09	-0.000351707281	-0.00150560995	-5.78901866e-09	0.00150560416	0	0	0	0	0	3
51	21	0	0.755708653	-2.60957802e-06	-0.000307521437	-0.00150560995	-5.78901866e-09	0.00150560416	0	0	0	0	0	3
52	21	0	0.77052647	-4.47605247e-07	-0.000266478257	-0.00150560995	-5.78901866e-09	0.00150560416	0	0	0	0	0	3
53	22	0	0.785344287	-1.2170686e-06	-0.000227403709	-0.00150560995	-5.78901866e-09	0.00150560416	0	0	0	0	0	3
54	22	0	0.800162103	-4.24030545e-07	-0.000193461866	-0.00150560995	-5.78901866e-09	0.00150560416	0	0	0	0	0	3
55	23	0	0.81497992	-2.91252994e-07	-0.000149187787	-0.000829853658	-5.78901866e-09	0.000829847869	0	0	0	0	0	3
56	23	0	0.829797737	-5.4496002e-08	-0.000124781929	-0.000682640501	-5.78901866e-09	0.000682634712	0	0	0	0	0	3
57	23	0	0.844615554	-1.0506706e-06	-0.000104735169	-0.000640281593	-5.78901866e-09	0.000640275804	0	0	0	0	0	3
58	24	0	0.85943337	-2.73266055e-07	-8.59113951e-05	-0.000636281427	-5.78901866e-09	0.000636275638	0	0	0	0	0	3
59	24	0	0.874251187	-1.66035763e-07	-6.74850945e-05	-0.000636281427	-5.78901866e-09	0.000636275638	0	0	0	0	0	3
60	24	0	0.889069004	-1.9526196e-08	-6.42243014e-05	-0.000636281427	-5.78901866e-09	0.000636275638	0	0	0	0	0	3
61	25	0	0.903886821	-1.30350227e-07	-4.55139756e-05	-0.000581232903	-5.78901866e-09	0.000581227114	0	0	0	0	0	3
62	25	0	0.918704637	-3.35325108e-08	-4.35292986e-05	-0.000581232903	-5.78901866e-09	0.000581227114	0	0	0	0	0	3
63	25	0	0.933522454	-3.76148123e-09	-2.93308447e-05	-0.000581232903	-3.76148123e-09	0.000581229142	0	0	0	0	0	3
64	26	0	0.948340271	-4.82139934e-09	-2.9117923e-05	-0.000581232903	-3.76148123e-09	0.000581229142	0	0	0	0	0	3
65	26	0	0.963158087	-2.41556646e-09	-1.20229087e-05	-0.000259069013	-2.41556646e-09	0.000259066597	0	0	0	0	0	3
66	27	0	0.977975904	-4.46081912e-09	-1.02114355e-05	-0.000259069013	-2.41556646e-09	0.000259066597	0	0	0	0	0	3
67	27	0	0.992793721	-1.13359524e-09	-9.97319737e-06	-0.000259069013	-1.13359524e-09	0.000259067879	0	0	0	0	0	3
68	27	0	1.00761154	-1.52567468e-09	-9.73200608e-06	-0.000259069013	-1.13359524e-09	0.000259067879	0.85814603	0	0	0	0	3
