Iteration	CPUTime	PhysTime	Travels	Value	AvValue	MinValue	MaxValue	Delta	Criteria	Progress	CriteriaType	CriteriaVarType	CriteriaPercentage
1	3	0	0.0148178167	101326.628	101326.628	101326.628	101326.628	0	0	0	0	0	0	3
2	4	0	0.0296356335	101326.628	101326.628	101326.628	101326.628	1.23493519e-05	0	0	0	0	0	3
3	4	0	0.0444534502	101326.628	101326.628	101326.628	101326.628	2.13045132e-05	0	0	0	0	0	3
4	4	0	0.0592712669	101326.628	101326.628	101326.628	101326.628	2.91863835e-05	0	0	0	0	0	3
5	5	0	0.0740890836	101326.628	101326.628	101326.628	101326.628	3.67783068e-05	0	0	0	0	0	3
6	5	0	0.0889069004	101326.628	101326.628	101326.628	101326.628	4.76965215e-05	0	0	0	0	0	3
7	5	0	0.103724717	101326.628	101326.628	101326.628	101326.628	7.43997516e-05	0	0	0	0	0	3
8	6	0	0.118542534	101326.627	101326.628	101326.627	101326.628	0.000187706566	0	0	0	0	0	3
9	6	0	0.133360351	101326.623	101326.627	101326.623	101326.628	0.000760544644	0	0	0	0	0	3
10	7	0	0.148178167	101326.608	101326.626	101326.608	101326.628	0.00270504382	0	0	0	0	0	3
11	7	0	0.162995984	101326.607	101326.624	101326.607	101326.628	0.00435583542	0	0	0	0	0	3
12	7	0	0.177813801	101326.607	101326.622	101326.607	101326.628	0.00578379541	0	0	0	0	0	3
13	8	0	0.192631617	101326.606	101326.621	101326.606	101326.628	0.00705966458	0	0	0	0	0	3
14	8	0	0.207449434	101326.605	101326.62	101326.605	101326.628	0.00819211331	0	0	0	0	0	3
15	8	0	0.222267251	101326.605	101326.619	101326.605	101326.628	0.00920103895	0	0	0	0	0	3
16	9	0	0.237085068	101326.604	101326.618	101326.604	101326.628	0.0101312827	0	0	0	0	0	3
17	9	0	0.251902884	101326.604	101326.617	101326.604	101326.628	0.0109875482	0	0	0	0	0	3
18	9	0	0.266720701	101326.603	101326.616	101326.603	101326.628	0.0117671757	0	0	0	0	0	3
19	10	0	0.281538518	101326.603	101326.616	101326.603	101326.628	0.0124685738	0	0	0	0	0	3
20	10	0	0.296356335	101326.603	101326.615	101326.603	101326.628	0.0131016891	0	0	0	0	0	3
21	10	0	0.311174151	101326.603	101326.615	101326.603	101326.628	0.013675919	0	0	0	0	0	3
22	11	0	0.325991968	101326.604	101326.614	101326.603	101326.628	0.0141769406	0	0	0	0	0	3
23	11	0	0.340809785	101326.604	101326.614	101326.603	101326.628	0.014603273	0	0	0	0	0	3
24	11	0	0.355627602	101326.605	101326.613	101326.603	101326.628	0.0149631068	0	0	0	0	0	3
25	12	0	0.370445418	101326.606	101326.613	101326.603	101326.628	0.0152627934	0	0	0	0	0	3
26	12	0	0.385263235	101326.607	101326.613	101326.603	101326.628	0.0154842037	0	0	0	0	0	3
27	13	0	0.400081052	101326.609	101326.613	101326.603	101326.628	0.0156361227	0	0	0	0	0	3
28	13	0	0.414898868	101326.61	101326.612	101326.603	101326.628	0.0157377172	0	0	0	0	0	3
29	13	0	0.429716685	101326.611	101326.612	101326.603	101326.628	0.0157796014	0	0	0	0	0	3
30	14	0	0.444534502	101326.612	101326.612	101326.603	101326.628	0.0157852575	0	0	0	0	0	3
31	14	0	0.459352319	101326.614	101326.613	101326.603	101326.628	0.0157852575	0	0	0	0	0	3
32	14	0	0.474170135	101326.616	101326.613	101326.603	101326.628	0.0157852575	0	0	0	0	0	3
33	15	0	0.488987952	101326.617	101326.613	101326.603	101326.628	0.0157852575	0	0	0	0	0	3
34	15	0	0.503805769	101326.618	101326.613	101326.603	101326.628	0.0157852575	0	0	0	0	0	3
35	15	0	0.518623586	101326.619	101326.613	101326.603	101326.628	0.0157729082	0	0	0	0	0	3
36	16	0	0.533441402	101326.621	101326.612	101326.603	101326.628	0.0157820772	0	0	0	0	0	3
37	16	0	0.548259219	101326.622	101326.612	101326.603	101326.628	0.0159483037	0	0	0	0	0	3
38	16	0	0.563077036	101326.623	101326.612	101326.603	101326.628	0.0160846414	0	0	0	0	0	3
39	17	0	0.577894852	101326.624	101326.612	101326.603	101326.628	0.0161931478	0	0	0	0	0	3
40	17	0	0.592712669	101326.625	101326.612	101326.603	101326.628	0.0162619378	0	0	0	0	0	3
41	17	0	0.607530486	101326.626	101326.612	101326.603	101326.627	0.0162152088	0	0	0	0	0	3
42	18	0	0.622348303	101326.626	101326.612	101326.603	101326.626	0.0156692611	0	0	0	0	0	3
43	18	0	0.637166119	101326.627	101326.612	101326.603	101326.627	0.0137247619	0	0	0	0	0	3
44	18	0	0.651983936	101326.627	101326.612	101326.603	101326.627	0.0120739703	0	0	0	0	0	3
45	19	0	0.666801753	101326.627	101326.613	101326.603	101326.627	0.0106460103	0	0	0	0	0	3
46	19	0	0.68161957	101326.628	101326.614	101326.603	101326.628	0.00937014117	0	0	0	0	0	3
47	20	0	0.696437386	101326.628	101326.614	101326.603	101326.628	0.00823769244	0	0	0	0	0	3
48	20	0	0.711255203	101326.628	101326.615	101326.603	101326.628	0.0072287668	0	0	0	0	0	3
49	20	0	0.72607302	101326.628	101326.616	101326.603	101326.628	0.00629852306	0	0	0	0	0	3
50	21	0	0.740890836	101326.628	101326.616	101326.603	101326.628	0.00544225752	0	0	0	0	0	3
51	21	0	0.755708653	101326.628	101326.617	101326.603	101326.628	0.00529295301	0	0	0	0	0	3
52	21	0	0.77052647	101326.628	101326.618	101326.603	101326.628	0.00602611755	0	0	0	0	0	3
53	22	0	0.785344287	101326.628	101326.619	101326.603	101326.628	0.00676231777	0	0	0	0	0	3
54	22	0	0.800162103	101326.628	101326.619	101326.603	101326.628	0.00750026946	0	0	0	0	0	3
55	23	0	0.81497992	101326.628	101326.62	101326.604	101326.628	0.00823957771	0	0	0	0	0	3
56	23	0	0.829797737	101326.628	101326.621	101326.604	101326.628	0.0089656225	0	0	0	0	0	3
57	23	0	0.844615554	101326.628	101326.621	101326.605	101326.628	0.0096708498	0	0	0	0	0	3
58	24	0	0.85943337	101326.628	101326.622	101326.606	101326.628	0.0103544162	0	0	0	0	0	3
59	24	0	0.874251187	101326.628	101326.623	101326.607	101326.628	0.0110149871	0	0	0	0	0	3
60	24	0	0.889069004	101326.628	101326.623	101326.609	101326.628	0.011633316	0	0	0	0	0	3
61	25	0	0.903886821	101326.628	101326.624	101326.61	101326.628	0.0122094711	0	0	0	0	0	3
62	25	0	0.918704637	101326.628	101326.625	101326.611	101326.628	0.012753107	0	0	0	0	0	3
63	25	0	0.933522454	101326.628	101326.625	101326.612	101326.628	0.0132517694	0	0	0	0	0	3
64	26	0	0.948340271	101326.628	101326.626	101326.614	101326.628	0.0137209222	0	0	0	0	0	3
65	26	0	0.963158087	101326.628	101326.626	101326.616	101326.628	0.0126947501	0	0	0	0	0	3
66	27	0	0.977975904	101326.628	101326.626	101326.617	101326.628	0.0111141569	0	0	0	0	0	3
67	27	0	0.992793721	101326.628	101326.627	101326.618	101326.628	0.0100179024	0	0	0	0	0	3
68	27	0	1.00761154	101326.628	101326.627	101326.619	101326.628	0.00876871882	0.00101326628	0	0	0	0	3
